196	242	3	881250949
186	302	3	891717742
22	377	1	878887116
244	51	2	880606923
166	346	1	886397596
298	474	4	884182806
115	265	2	881171488
253	465	5	891628467
305	451	3	886324817
6	86	3	883603013
62	257	2	879372434
286	1014	5	879781125
200	222	5	876042340
210	40	3	891035994
224	29	3	888104457
303	785	3	879485318
122	387	5	879270459
194	274	2	879539794
291	1042	4	874834944
234	1184	2	892079237
119	392	4	886176814
167	486	4	892738452
299	144	4	877881320
291	118	2	874833878
308	1	4	887736532
95	546	2	879196566
38	95	5	892430094
102	768	2	883748450
63	277	4	875747401
160	234	5	876861185
50	246	3	877052329
301	98	4	882075827
225	193	4	879539727
290	88	4	880731963
97	194	3	884238860
157	274	4	886890835
181	1081	1	878962623
278	603	5	891295330
276	796	1	874791932
7	32	4	891350932
10	16	4	877888877
284	304	4	885329322
201	979	2	884114233
276	564	3	874791805
287	327	5	875333916
246	201	5	884921594
242	1137	5	879741196
249	241	5	879641194
99	4	5	886519097
178	332	3	882823437
251	100	4	886271884
81	432	2	876535131
260	322	4	890618898
25	181	5	885853415
59	196	5	888205088
72	679	2	880037164
87	384	4	879877127
290	143	5	880474293
42	423	5	881107687
292	515	4	881103977
115	20	3	881171009
20	288	1	879667584
201	219	4	884112673
13	526	3	882141053
246	919	4	884920949
138	26	5	879024232
167	232	1	892738341
60	427	5	883326620
57	304	5	883698581
223	274	4	891550094
189	512	4	893277702
243	15	3	879987440
92	1049	1	890251826
246	416	3	884923047
194	165	4	879546723
241	690	2	887249482
178	248	4	882823954
254	1444	3	886475558
293	5	3	888906576
127	229	5	884364867
225	237	5	879539643
299	229	3	878192429
225	480	5	879540748
276	54	3	874791025
291	144	5	874835091
222	366	4	878183381
267	518	5	878971773
42	403	3	881108684
11	111	4	891903862
95	625	4	888954412
8	338	4	879361873
162	25	4	877635573
87	1016	4	879876194
279	154	5	875296291
145	275	2	885557505
119	1153	5	874781198
62	498	4	879373848
62	382	3	879375537
28	209	4	881961214
135	23	4	879857765
32	294	3	883709863
90	382	5	891383835
286	208	4	877531942
293	685	3	888905170
216	144	4	880234639
166	328	5	886397722
250	496	4	878090499
271	132	5	885848672
160	174	5	876860807
265	118	4	875320714
198	498	3	884207492
42	96	5	881107178
168	151	5	884288058
110	307	4	886987260
58	144	4	884304936
90	648	4	891384754
271	346	4	885844430
62	21	3	879373460
279	832	3	881375854
237	514	4	879376641
94	789	4	891720887
128	485	3	879966895
298	317	4	884182806
44	195	5	878347874
264	200	5	886122352
194	385	2	879524643
72	195	5	880037702
222	750	5	883815120
250	264	3	878089182
41	265	3	890687042
224	245	3	888082216
82	135	3	878769629
262	1147	4	879791710
293	471	3	888904884
216	658	3	880245029
250	140	3	878092059
59	23	5	888205300
286	379	5	877533771
244	815	4	880605185
7	479	4	891352010
174	368	1	886434402
87	274	4	879876734
194	1211	2	879551380
82	1134	2	884714402
13	836	2	882139746
13	272	4	884538403
244	756	2	880605157
305	427	5	886323090
95	787	2	888954930
43	14	2	883955745
299	955	4	889502823
57	419	3	883698454
84	405	3	883452363
269	504	4	891449922
299	111	3	877878184
194	466	4	879525876
160	135	4	876860807
99	268	3	885678247
10	486	4	877886846
259	117	4	874724988
85	427	3	879456350
303	919	4	879467295
213	273	5	878870987
121	514	3	891387947
90	98	5	891383204
49	559	2	888067405
42	794	3	881108425
155	323	2	879371261
68	117	4	876973939
172	177	4	875537965
19	4	4	885412840
268	231	4	875744136
5	2	3	875636053
305	117	2	886324028
44	294	4	883612356
43	137	4	875975656
279	1336	1	875298353
80	466	5	887401701
254	164	4	886472768
298	281	3	884183336
279	1240	1	892174404
66	298	4	883601324
18	443	3	880130193
268	1035	2	875542174
99	79	4	885680138
13	98	4	881515011
26	258	3	891347949
7	455	4	891353086
222	755	4	878183481
200	673	5	884128554
119	328	4	876923913
213	172	5	878955442
276	322	3	874786392
94	1217	3	891723086
130	379	4	875801662
38	328	4	892428688
160	719	3	876857977
293	1267	3	888906966
26	930	2	891385985
130	216	4	875216545
92	1079	3	886443455
256	452	4	882164999
1	61	4	878542420
72	48	4	880036718
56	755	3	892910207
13	360	4	882140926
15	405	2	879455957
92	77	3	875654637
207	476	2	884386343
292	174	5	881105481
232	483	5	888549622
251	748	2	886272175
224	26	3	888104153
181	220	4	878962392
259	255	4	874724710
305	471	4	886323648
52	280	3	882922806
161	202	5	891170769
148	408	5	877399018
125	235	2	892838559
97	228	5	884238860
58	1098	4	884304936
83	234	4	887665548
90	347	4	891383319
272	178	5	879455113
194	181	3	879521396
125	478	4	879454628
110	688	1	886987605
299	14	4	877877775
151	10	5	879524921
269	127	4	891446165
6	14	5	883599249
54	106	3	880937882
303	69	5	879467542
16	944	1	877727122
301	790	4	882078621
276	1091	3	874793035
305	214	2	886323068
194	1028	2	879541148
91	323	2	891438397
87	554	4	879875940
294	109	4	877819599
286	171	4	877531791
200	318	5	884128458
229	328	1	891632142
178	568	4	882826555
303	842	2	879484804
62	65	4	879374686
207	591	3	876018608
92	172	4	875653271
301	401	4	882078040
36	339	5	882157581
70	746	3	884150257
63	242	3	875747190
28	201	3	881961671
279	68	4	875307407
250	7	4	878089716
14	98	3	890881335
299	1018	3	889502324
194	54	3	879525876
303	815	3	879485532
119	237	5	874775038
295	218	5	879966498
268	930	2	875742942
268	2	2	875744173
66	258	4	883601089
233	202	5	879394264
83	623	4	880308578
214	334	3	891542540
192	476	2	881368243
100	344	4	891374868
268	145	1	875744501
301	56	4	882076587
307	89	5	879283786
234	141	3	892334609
83	576	4	880308755
181	264	2	878961624
297	133	4	875240090
38	153	5	892430369
7	382	4	891352093
264	813	4	886122952
181	872	1	878961814
201	146	1	884140579
85	507	4	879456199
269	367	3	891450023
59	468	3	888205855
286	143	4	889651549
193	96	1	889124507
113	595	5	875936424
292	11	5	881104093
130	1014	3	876250718
275	98	4	875155140
189	520	5	893265380
219	82	1	889452455
218	209	5	877488546
123	427	3	879873020
119	222	5	874775311
158	177	4	880134407
222	118	4	877563802
302	322	2	879436875
279	501	3	875308843
301	79	5	882076403
181	3	2	878963441
201	695	1	884140115
13	198	3	881515193
1	189	3	888732928
145	237	5	875270570
23	385	4	874786462
201	767	4	884114505
296	705	5	884197193
42	546	3	881105817
33	872	3	891964230
301	554	3	882078830
16	64	5	877720297
95	135	3	879197562
154	357	4	879138713
77	484	5	884733766
296	508	5	884196584
302	303	2	879436785
244	673	3	880606667
222	77	4	878183616
13	215	5	882140588
16	705	5	877722736
270	452	4	876956264
145	15	2	875270655
187	64	5	879465631
200	304	5	876041644
170	749	5	887646170
101	829	3	877136138
184	218	3	889909840
128	204	4	879967478
181	1295	1	878961781
184	153	3	889911285
1	33	4	878542699
1	160	4	875072547
184	321	5	889906967
54	595	3	880937813
94	343	4	891725009
128	508	4	879967767
23	323	2	874784266
301	227	3	882077222
301	191	3	882075672
112	903	1	892440172
82	183	3	878769848
222	724	3	878181976
218	430	3	877488316
308	1197	4	887739521
303	134	5	879467959
133	751	3	890588547
215	212	2	891435680
69	256	5	882126156
254	662	4	887347350
276	2	4	874792436
104	984	1	888442575
63	1067	3	875747514
267	410	4	878970785
13	56	5	881515011
240	879	3	885775745
286	237	2	875806800
294	271	5	889241426
90	1086	4	891384424
18	26	4	880129731
92	229	3	875656201
308	649	4	887739292
144	89	3	888105691
191	302	4	891560253
59	951	3	888206409
200	96	5	884129409
16	197	5	877726146
61	678	3	892302309
271	199	4	885848448
271	709	3	885849325
142	169	5	888640356
275	597	3	876197678
222	151	3	878182109
87	40	3	879876917
207	258	4	877879172
272	1393	2	879454663
177	333	4	880130397
207	1115	2	879664906
299	577	3	889503806
271	378	4	885849447
305	425	4	886324486
49	959	2	888068912
94	1224	3	891722802
130	1017	3	874953895
10	175	3	877888677
203	321	3	880433418
191	286	4	891560842
43	323	3	875975110
21	558	5	874951695
197	96	5	891409839
13	344	2	888073635
194	66	3	879527264
234	206	4	892334543
308	402	4	887740700
308	640	4	887737036
269	522	5	891447773
94	265	4	891721889
268	62	3	875310824
272	12	5	879455254
121	291	3	891390477
296	20	5	884196921
134	286	3	891732334
180	462	5	877544218
234	612	3	892079140
104	117	2	888465972
38	758	1	892434626
269	845	1	891456255
7	163	4	891353444
234	1451	3	892078343
275	405	2	876197645
52	250	3	882922661
102	823	3	888801465
13	186	4	890704999
178	731	4	882827532
236	71	3	890116671
256	781	5	882165296
263	176	5	891299752
244	186	3	880605697
279	1181	4	875314001
43	815	4	883956189
83	78	2	880309089
151	197	5	879528710
254	436	2	886474216
109	631	3	880579371
297	716	3	875239422
249	188	4	879641067
144	699	4	888106106
301	604	4	882075994
64	392	3	889737542
92	501	2	875653665
222	97	4	878181739
268	436	3	875310745
293	135	5	888905550
213	173	5	878955442
160	460	2	876861185
13	498	4	882139901
59	715	5	888205921
5	17	4	875636198
125	163	5	879454956
174	315	5	886432749
114	505	3	881260203
213	515	4	878870518
23	196	2	874786926
128	15	4	879968827
239	56	4	889179478
181	279	1	878962955
291	80	4	875086354
250	238	4	878089963
201	649	3	884114275
60	60	5	883327734
181	325	2	878961814
119	407	3	887038665
287	1	5	875334088
216	228	3	880245642
216	531	4	880233810
203	471	4	880434463
92	587	3	875660408
13	892	3	882774224
213	176	4	878956338
286	288	5	875806672
117	1047	2	881009697
99	111	1	885678886
11	558	3	891904214
65	47	2	879216672
295	194	4	879517412
269	217	2	891451610
85	259	2	881705026
250	596	5	878089921
137	144	5	881433689
201	960	2	884112077
257	137	4	882049932
111	328	4	891679939
91	480	4	891438875
215	211	4	891436202
181	938	1	878961586
189	1060	5	893264301
1	20	4	887431883
303	404	4	879468375
299	305	3	879737314
187	210	4	879465242
222	278	2	877563913
214	568	4	892668197
293	770	3	888906655
285	191	4	890595859
303	252	3	879544791
96	156	4	884402860
72	1110	3	880037334
115	1067	4	881171009
7	430	3	891352178
116	350	3	886977926
73	480	4	888625753
269	246	5	891457067
263	419	5	891299514
70	431	3	884150257
221	475	4	875244204
72	182	5	880036515
25	357	4	885852757
290	50	5	880473582
189	526	4	893266205
299	303	3	877618584
264	294	3	886121516
200	365	5	884129962
187	135	4	879465653
184	187	4	889909024
63	289	2	875746985
13	229	4	882397650
298	486	3	884183063
235	185	4	889655435
62	712	4	879376178
246	94	2	884923505
54	742	5	880934806
63	762	3	875747688
11	732	3	891904596
92	168	4	875653723
8	550	3	879362356
307	174	4	879283480
303	200	4	879468459
256	849	2	882164603
72	54	3	880036854
164	406	2	889402389
117	150	4	880125101
224	77	4	888103872
193	869	3	889127811
94	184	2	891720862
281	338	2	881200457
130	109	3	874953794
128	371	1	879966954
94	720	1	891723593
182	845	3	885613067
129	873	1	883245452
254	229	4	886474580
64	381	4	879365491
151	176	2	879524293
45	25	4	881014015
193	879	3	889123257
276	922	4	889174849
276	57	3	874787526
234	187	4	892079140
181	306	1	878962006
21	370	1	874951293
293	249	3	888905229
264	721	5	886123656
10	611	5	877886722
197	346	3	891409070
276	142	3	874792945
308	427	4	887736584
221	943	4	875246759
131	126	4	883681514
268	824	2	876518557
109	8	3	880572642
198	58	3	884208173
230	680	4	880484286
181	741	1	878962918
192	1061	4	881368891
234	448	3	892335501
90	900	4	891382309
193	941	4	889124890
128	603	5	879966839
126	905	2	887855283
244	265	4	880606634
90	289	3	891382310
157	25	3	886890787
305	71	3	886323684
119	382	5	874781742
21	222	2	874951382
231	181	4	888605273
280	508	3	891700453
288	132	3	886374129
279	1497	2	890780576
301	33	4	882078228
72	699	3	880036783
90	259	2	891382392
308	55	3	887738760
59	742	3	888203053
94	744	4	891721462
130	642	4	875216933
26	1015	3	891352136
56	121	5	892679480
82	508	2	884714249
62	12	4	879373613
276	40	3	874791871
181	1015	1	878963121
152	301	3	880147407
178	845	4	882824291
217	597	4	889070087
79	303	4	891271203
138	484	4	879024127
308	81	5	887737293
75	284	2	884050393
269	198	4	891447062
307	94	3	877122695
222	781	3	881059677
121	740	3	891390544
269	22	1	891448072
13	864	4	882141924
230	742	5	880485043
269	507	4	891448800
239	1099	5	889179253
245	1028	5	888513447
56	546	3	892679460
295	961	5	879519556
271	1028	2	885848102
222	812	2	881059117
69	240	3	882126156
10	7	4	877892210
22	376	3	878887112
294	931	3	889242857
82	717	1	884714492
279	399	4	875313859
269	234	1	891449406
6	98	5	883600680
243	1039	4	879988184
298	181	4	884125629
282	325	1	881703044
78	323	1	879633567
118	200	5	875384647
283	1114	5	879297545
171	292	4	891034835
70	217	4	884151119
10	100	5	877891747
245	181	4	888513664
107	333	3	891264267
246	561	1	884923445
13	901	1	883670672
276	70	4	874790826
244	17	2	880607205
189	56	5	893265263
226	242	5	883888671
62	1016	4	879373008
276	417	4	874792907
214	478	4	891544052
306	235	4	876504354
222	26	3	878183043
280	631	5	891700751
60	430	5	883326122
56	71	4	892683275
42	274	5	881105817
1	202	5	875072442
13	809	4	882397582
173	289	4	877556988
15	749	1	879455311
185	23	4	883524249
280	540	3	891702304
244	381	4	880604077
150	293	4	878746946
7	497	4	891352134
178	317	4	882826915
178	742	3	882823833
95	1217	3	880572658
234	1462	3	892333865
97	222	5	884238887
109	127	2	880563471
117	268	5	880124306
269	705	2	891448850
130	1246	3	876252497
264	655	4	886123530
207	13	3	875506839
42	588	5	881108147
246	409	2	884923372
87	367	4	879876702
101	304	3	877135677
256	127	4	882164406
92	794	3	875654798
181	762	2	878963418
213	235	1	878955115
92	739	2	876175582
292	661	5	881105561
246	665	4	884922831
274	845	5	878945579
188	692	5	875072583
18	86	4	880129731
5	439	1	878844423
236	632	3	890116254
193	407	4	889127921
144	709	4	888105940
90	1198	5	891383866
48	609	4	879434819
5	225	2	875635723
22	128	5	878887983
311	432	4	884365485
8	22	5	879362183
276	188	4	874792547
222	173	5	878183043
72	866	4	880035887
299	134	4	878192311
1	171	5	889751711
308	295	3	887741461
165	216	4	879525778
222	49	3	878183512
181	121	4	878962623
200	11	5	884129542
234	626	4	892336358
244	707	4	880606243
90	25	5	891384789
208	216	5	883108324
263	96	4	891298336
134	323	4	891732335
279	586	4	892864663
2	292	4	888550774
288	593	2	886892127
49	302	4	888065432
286	153	5	877531406
205	304	3	888284313
22	80	4	878887227
234	318	4	892078890
223	328	3	891548959
15	25	3	879456204
268	147	4	876514002
94	1220	3	891722678
274	405	4	878945840
7	492	5	891352010
268	217	2	875744501
16	55	5	877717956
164	620	3	889402298
290	161	4	880474293
92	515	4	875640800
239	1070	5	889179032
56	449	5	892679308
248	234	4	884534968
234	10	3	891227851
280	1049	2	891702486
308	187	5	887738760
276	64	5	874787441
192	948	3	881368302
122	509	4	879270511
85	588	3	880838306
262	931	2	879790874
201	272	3	886013700
181	870	2	878962623
295	739	4	879518319
263	568	4	891299387
295	39	4	879518279
201	1100	4	884112800
93	820	3	888705966
159	1028	5	880557539
158	665	2	880134532
293	423	3	888906070
82	597	3	878768882
276	181	5	874786488
13	823	5	882397833
217	2	3	889069782
83	660	4	880308256
189	20	5	893264466
222	796	4	878183684
146	1022	5	891458193
267	121	3	878970681
126	294	3	887855087
181	1060	1	878962675
125	80	4	892838865
43	120	4	884029430
13	780	1	882142057
253	259	2	891628883
42	44	3	881108548
77	518	4	884753202
291	686	5	874835165
268	21	3	875742822
262	28	3	879792220
234	81	3	892334680
29	245	3	882820803
236	57	5	890116575
158	729	3	880133116
156	661	4	888185947
232	52	5	888550130
168	866	5	884287927
37	288	4	880915258
141	245	3	884584426
235	230	4	889655162
102	70	3	888803537
77	172	3	884752562
90	506	5	891383319
186	566	5	879023663
44	660	5	878347915
118	774	5	875385198
7	661	5	891351624
49	1003	2	888068651
62	68	1	879374969
42	1028	4	881106072
178	433	4	882827834
85	51	2	879454782
77	474	5	884732407
58	1099	2	892243079
56	1047	4	892911290
197	688	1	891409564
286	99	4	878141681
90	258	3	891382121
181	1288	1	878962349
295	190	4	879517062
224	69	4	888082495
272	317	4	879454977
221	1010	3	875246662
66	877	1	883601089
207	318	5	877124871
234	487	3	892079237
7	648	5	891351653
87	82	5	879875774
195	1052	1	877835102
44	449	5	883613334
306	287	4	876504442
194	172	3	879521474
94	62	3	891722933
167	659	4	892738277
108	100	4	879879720
230	304	5	880484286
181	927	1	878962675
54	302	4	880928519
90	22	4	891384357
181	696	2	878962997
286	357	4	877531537
14	269	4	892242403
311	179	2	884365357
92	121	5	875640679
21	440	1	874951798
244	550	1	880602264
181	405	4	878962919
65	806	4	879216529
37	540	2	880916070
44	443	5	878348289
244	183	4	880606043
1	265	4	878542441
270	25	5	876954456
299	387	2	889502756
94	572	3	891723883
286	746	4	877533058
239	272	5	889181247
216	55	5	880245145
254	121	3	886472369
62	665	2	879376483
178	385	4	882826982
194	23	4	879522819
268	955	3	875745160
188	143	5	875072674
276	294	4	874786366
158	1098	4	880135069
207	845	3	881681663
161	48	1	891170745
305	654	4	886323937
47	324	3	879439078
64	736	4	889739212
191	751	3	891560753
7	378	5	891353011
59	92	5	888204997
69	268	5	882027109
10	461	3	877888944
21	129	4	874951382
58	9	4	884304328
194	152	3	879549996
7	200	5	891353543
113	126	5	875076827
173	328	5	877557028
95	233	4	879196354
16	194	5	877720733
59	323	4	888206809
311	654	3	884365075
292	589	4	881105516
43	203	4	883955224
79	50	4	891271545
235	70	5	889655619
125	190	5	892836309
284	322	3	885329671
303	161	5	879468547
254	378	3	886474396
255	1034	1	883217030
104	301	2	888442275
90	923	5	891383912
6	463	4	883601713
279	122	1	875297433
286	298	4	875807004
222	448	3	878183565
297	57	5	875239383
42	625	3	881108873
130	1217	4	875801778
254	357	3	886472466
109	475	1	880563641
230	1444	2	880485726
244	310	3	880601905
6	301	2	883600406
36	748	4	882157285
256	443	3	882164727
102	515	1	888801316
104	285	4	888465201
21	447	5	874951695
111	301	4	891680028
18	408	5	880129628
25	222	4	885852817
110	944	3	886989501
270	98	5	876955868
68	237	5	876974133
83	215	4	880307940
6	258	2	883268278
89	216	5	879459859
128	317	4	879968029
305	512	4	886323525
184	412	2	889912691
286	175	5	877532470
279	1428	3	888465209
256	86	5	882165103
221	48	5	875245462
140	332	3	879013617
190	977	2	891042938
11	227	3	891905896
201	203	5	884114471
150	181	5	878746685
126	245	3	887854726
20	208	2	879669401
144	742	4	888104122
181	930	1	878963275
109	566	4	880578814
85	1065	3	879455021
213	133	3	878955973
222	379	1	878184290
223	11	3	891550649
215	421	4	891435704
218	208	3	877488366
174	937	5	886432989
275	186	3	880314383
68	742	1	876974198
268	583	4	876513830
160	462	4	876858346
195	273	4	878019342
224	178	4	888082468
5	110	1	875636493
99	1016	5	885678724
2	251	5	888552084
292	9	4	881104148
72	568	4	880037203
85	228	3	882813248
83	281	5	880307072
92	831	2	886443708
7	543	3	891351772
87	401	2	879876813
287	926	4	875334340
1	155	2	878542201
234	632	2	892079538
222	53	5	878184113
24	64	5	875322758
7	554	3	891354639
82	56	3	878769410
161	318	3	891170824
196	393	4	881251863
56	91	4	892683275
82	477	3	876311344
7	472	2	891353357
256	761	4	882164644
226	56	4	883889102
279	741	5	875296891
308	1286	3	887738151
16	8	5	877722736
180	202	3	877128388
203	93	4	880434940
145	56	5	875271896
288	305	4	886372527
84	742	3	883450643
44	644	3	878347818
17	13	3	885272654
313	117	4	891015319
148	1	4	877019411
197	347	4	891409070
21	164	5	874951695
279	982	3	875298314
239	491	5	889181015
185	287	5	883526288
297	89	4	875239125
303	68	4	879467361
186	250	1	879023607
73	206	3	888625754
104	756	2	888465739
94	216	3	885870665
239	194	5	889178833
197	511	5	891409839
280	1	4	891700426
1	117	3	874965739
224	583	1	888103729
303	397	1	879543831
60	162	4	883327734
198	258	4	884204501
239	513	5	889178887
6	69	3	883601277
233	375	4	876374419
85	642	4	882995615
110	38	3	886988574
184	522	3	889908462
99	873	1	885678436
13	418	2	882398763
201	518	4	884112201
13	858	1	882397068
214	131	3	891544465
296	228	4	884197264
222	87	3	878182589
279	725	4	875314144
217	182	2	889070109
85	433	3	879828720
239	234	3	889178762
13	72	4	882141727
194	77	3	879527421
208	663	5	883108476
109	178	3	880572950
230	172	4	880484523
59	485	2	888204466
313	478	3	891014373
70	1133	3	884151344
62	182	5	879375169
198	234	3	884207833
65	125	4	879217509
174	660	5	886514261
90	12	5	891383241
130	1248	3	880396702
100	354	2	891375260
283	432	5	879297965
275	418	3	875154718
311	98	5	884364502
195	751	4	883295500
130	105	4	876251160
269	252	1	891456350
286	73	5	877532965
7	623	3	891354217
56	222	5	892679439
210	204	5	887730676
239	9	5	889180446
96	87	4	884403531
297	73	2	875239691
249	239	3	879572284
94	860	2	891723706
84	121	4	883452307
275	265	4	880314031
135	1046	3	879858003
291	1178	4	875086354
125	382	1	892836623
70	399	4	884068521
311	9	4	884963365
301	523	4	882076146
152	685	5	880149074
244	172	4	880605665
275	1091	2	875154535
53	281	4	879443288
198	118	2	884206513
244	790	4	880608037
26	125	4	891371676
151	13	3	879542688
124	496	1	890286933
24	191	5	875323003
271	65	3	885849419
307	634	3	879283385
294	1245	3	877819265
234	241	2	892335042
25	501	3	885852301
293	137	3	888904653
201	432	3	884111312
75	240	1	884050661
13	181	5	882140354
207	68	2	877125350
2	50	5	888552084
313	566	4	891016220
144	125	4	888104191
188	443	4	875074329
276	324	4	874786419
145	974	1	882182634
72	234	4	880037418
83	385	4	887665549
181	619	3	878963086
109	402	4	880581344
207	107	3	876198301
185	216	4	883526268
14	213	5	890881557
149	319	2	883512658
57	79	5	883698495
230	963	5	880484370
176	875	4	886047442
253	97	4	891628501
284	269	4	885328991
106	526	4	881452685
121	180	3	891388286
62	86	2	879374640
291	418	4	875086920
84	1033	4	883452711
293	380	2	888907527
207	58	3	875991047
194	187	4	879520813
109	97	3	880578711
283	845	4	879297442
297	275	5	874954260
181	334	1	878961749
78	255	4	879633745
11	425	4	891904300
308	59	4	887737647
193	1078	4	889126943
297	234	3	875239018
87	585	4	879877008
250	204	2	878091682
8	50	5	879362124
186	148	4	891719774
312	692	4	891699426
91	683	3	891438351
5	454	1	875721432
291	376	3	875086534
175	127	5	877107640
145	737	2	875272833
7	644	5	891351685
276	419	5	874792907
83	210	5	880307751
102	524	3	888803537
153	174	1	881371140
62	302	3	879371909
49	995	3	888065577
268	298	3	875742647
207	554	2	877822854
313	616	5	891015049
286	44	3	877532173
279	168	5	875296435
276	474	5	889174904
62	59	4	879373821
254	219	1	886475980
83	97	4	880308690
63	100	5	875747319
16	178	5	877719333
297	233	2	875239914
90	945	5	891383866
85	25	2	879452769
42	98	4	881106711
303	393	4	879484981
274	50	5	878944679
104	299	3	888442436
94	792	4	885873006
184	98	4	889908539
293	708	3	888907527
248	589	4	884534968
18	950	3	880130764
217	27	1	889070011
200	892	4	884127082
201	148	1	884140751
296	222	5	884196640
7	662	3	892133739
196	381	4	881251728
69	427	3	882145465
72	196	4	880036747
256	472	4	882152471
128	182	4	879967225
151	747	3	879524564
7	171	3	891351287
286	85	5	877533224
172	220	4	875537441
308	516	4	887736743
190	974	2	891625949
82	756	1	878768741
308	436	4	887739257
59	235	1	888203658
64	1063	3	889739539
145	756	2	885557506
220	298	4	881198966
21	324	4	874950889
285	269	4	890595313
207	65	3	878104594
198	658	3	884208173
220	333	3	881197771
210	70	4	887730589
181	14	1	878962392
158	128	2	880134296
143	682	3	888407741
75	237	2	884050309
199	221	4	883782854
223	1150	2	891549841
297	25	4	874954497
276	78	4	877934828
299	847	4	877877649
293	325	2	888904353
301	138	2	882079446
1	47	4	875072125
164	281	4	889401906
96	673	4	884402860
291	1016	4	874833827
7	451	5	891353892
233	177	4	877661496
6	517	4	883602212
202	283	3	879727153
214	117	4	891543241
184	602	4	889909691
277	257	3	879543487
194	212	1	879524216
95	68	4	879196231
25	257	4	885853415
6	23	4	883601365
38	573	1	892433660
313	436	4	891029877
22	241	3	878888025
262	617	3	879793715
130	569	3	880396494
66	181	5	883601425
21	948	1	874951054
181	1332	1	878962278
262	174	3	879791948
206	302	5	888180227
222	22	5	878183285
76	61	4	875028123
151	703	4	879542460
314	28	5	877888346
13	147	3	882397502
44	258	4	878340824
303	418	4	879483510
16	89	2	877717833
270	558	5	876954927
248	117	5	884535433
125	318	5	879454309
138	523	5	879024043
268	386	2	875743978
291	15	5	874833668
234	147	3	892335372
239	96	5	889178798
15	331	3	879455166
94	155	2	891723807
136	89	4	882848925
223	423	3	891550684
82	194	4	878770027
145	355	3	888396967
280	845	3	891700925
179	339	1	892151366
178	199	4	882826306
307	949	4	877123315
10	488	5	877888613
116	331	3	876451911
23	258	5	876785704
308	174	4	887736696
185	114	4	883524320
188	237	3	875073648
118	654	5	875385007
246	721	4	884921794
234	98	4	892078567
194	239	3	879522917
94	24	4	885873423
122	378	4	879270769
312	100	4	891698613
262	64	5	879793022
154	242	3	879138235
223	763	3	891550067
99	403	4	885680374
83	43	4	880308690
130	307	4	877984546
174	402	5	886513729
256	487	5	882164231
59	177	4	888204349
161	168	1	891171174
244	53	3	880607489
250	196	4	878091818
43	40	3	883956468
285	150	5	890595636
42	953	2	881108815
97	670	5	884239744
122	510	4	879270327
61	323	3	891206450
222	106	2	883816184
4	264	3	892004275
304	259	1	884967253
37	403	5	880915942
49	68	1	888069513
303	1098	4	879467959
165	372	5	879525987
176	324	5	886047292
3	335	1	889237269
56	869	3	892683895
44	15	4	878341343
190	117	4	891033697
29	189	4	882821942
94	174	4	885870231
130	949	3	876251944
117	181	5	880124648
303	779	1	879543418
19	435	5	885412840
194	191	4	879521856
158	24	4	880134261
56	447	4	892679067
262	223	3	879791816
181	1334	1	878962240
214	137	4	891543227
92	747	4	875656164
188	96	5	875073128
58	173	5	884305353
244	154	5	880606385
134	879	4	891732393
298	625	4	884183406
254	230	4	886472400
230	138	3	880485197
16	209	5	877722736
151	835	5	879524199
181	1327	1	878963305
145	1248	3	875272195
200	588	5	884128499
248	257	3	884535840
297	432	4	875239658
312	133	5	891699296
151	12	5	879524368
110	568	3	886988449
305	483	5	886323068
141	258	5	884584338
44	240	4	878346997
186	263	3	879023571
214	213	4	891544414
233	208	4	880610814
104	287	2	888465347
312	153	2	891699491
1	222	4	878873388
206	323	1	888179833
230	419	4	880484587
56	450	3	892679374
94	651	5	891725332
205	316	4	888284710
14	174	5	890881294
268	790	2	876513785
276	1081	3	880913705
83	929	3	880307140
268	580	3	875309344
222	1041	3	881060155
279	89	4	875306910
5	424	1	875635807
112	331	4	884992603
296	429	5	884197330
18	202	3	880130515
13	868	5	882139901
87	210	5	879875734
10	285	5	877889186
181	328	3	878961227
23	463	4	874785843
253	746	3	891628630
234	228	3	892079190
299	1047	2	877880041
66	1	3	883601324
216	174	5	881432488
290	208	3	880475245
79	1161	2	891271697
264	448	2	886122031
4	303	5	892002352
144	831	3	888104805
138	517	4	879024279
64	433	2	889740286
5	1	4	875635748
276	357	5	874787526
62	433	5	879375588
239	475	5	889178689
293	166	3	888905520
130	234	5	875216932
264	70	4	886123596
208	197	5	883108797
24	763	5	875322875
279	1162	3	875314334
3	245	1	889237247
101	596	3	877136564
162	1019	4	877636556
223	908	1	891548802
99	246	3	888469392
239	430	3	889180338
160	160	5	876862078
172	580	4	875538028
303	1160	2	879544629
54	676	5	880935294
44	507	3	878347392
210	97	5	887736454
164	930	4	889402340
299	240	2	877878414
28	217	3	881961671
305	79	3	886324276
18	729	3	880131236
82	343	1	884713755
109	1012	4	880564570
207	25	4	876079113
92	1209	1	875660468
109	1	4	880563619
15	222	3	879455730
58	709	5	884304812
303	693	4	879466771
152	111	5	880148782
194	160	2	879551380
92	241	3	875655961
77	91	3	884752924
244	662	3	880606533
177	321	2	880130481
131	221	3	883681561
197	302	3	891409070
227	50	4	879035347
85	282	3	879829618
295	72	4	879518714
181	1	3	878962392
277	255	4	879544145
279	96	4	875310606
1	253	5	874965970
18	182	4	880130640
276	568	4	882659211
87	177	5	879875940
177	69	1	880131088
213	13	4	878955139
125	134	5	879454532
128	739	4	879969349
291	428	5	874871766
25	208	4	885852337
288	272	5	889225463
207	1350	2	877878772
271	56	3	885848559
5	363	3	875635225
274	748	5	878944406
70	419	5	884065035
311	559	2	884366187
151	919	5	879524368
199	268	5	883782509
201	209	3	884112801
99	274	1	885679157
11	740	4	891903067
59	77	4	888206254
184	277	3	889907971
222	88	4	878183336
38	161	5	892432062
59	418	2	888205188
104	300	3	888442275
298	1346	3	884126061
180	1119	3	877128156
7	674	2	891352659
121	14	5	891390014
268	1041	1	875743735
252	277	4	891456797
303	411	4	879483802
210	527	5	887736232
234	648	3	892826760
312	573	5	891712535
308	215	3	887737483
234	1397	4	892334976
75	546	3	884050422
117	15	5	880125887
246	239	3	884921380
64	516	5	889737376
85	187	5	879454235
239	81	3	889179808
59	54	4	888205921
256	220	3	882151690
216	196	5	880245145
203	282	1	880434919
13	195	3	881515296
144	153	5	888105823
100	268	3	891374982
210	274	5	887730676
94	471	4	891721642
13	807	1	886304229
125	657	3	892836422
65	1142	4	879217349
1	113	5	878542738
76	175	4	875028853
294	508	4	877819532
263	1451	4	891299949
294	930	3	889242704
121	117	1	891388600
85	13	3	879452866
303	426	3	879542535
212	180	1	879303974
6	492	5	883601089
181	240	1	878963122
279	746	5	875310233
303	1109	4	879467936
184	191	4	889908716
310	116	5	879436104
313	22	3	891014870
314	1150	4	877887002
13	121	5	882397503
43	5	4	875981421
58	214	2	884305296
215	164	3	891436633
62	288	2	879371909
280	127	5	891702544
161	898	3	891170191
11	723	5	891904637
94	218	3	891721851
35	243	2	875459046
311	566	4	884366112
48	680	3	879434330
85	604	4	882995132
288	527	3	886373565
184	514	5	889908497
151	929	3	879543457
90	690	4	891383319
11	38	3	891905936
104	1016	1	888466002
106	582	4	881451199
181	1010	1	878962774
37	117	4	880915674
276	845	4	874786807
22	258	5	878886261
70	82	4	884068075
5	98	3	875720691
308	95	4	887737130
60	208	5	883326028
270	778	5	876955711
243	208	4	879989134
92	540	2	875813197
81	280	4	876534214
293	412	1	888905377
200	478	5	884128788
13	308	3	881514726
56	184	4	892679088
116	250	4	876452606
295	172	4	879516986
63	1007	5	875747368
295	235	4	879517943
104	1010	1	888465554
156	641	5	888185677
269	1165	1	891446904
160	430	5	876861799
237	191	4	879376773
287	252	1	875334361
290	132	3	880473993
45	109	5	881012356
224	678	3	888082277
145	764	2	888398257
277	1011	3	879543697
65	100	3	879217558
272	1101	5	879454977
116	255	3	876452524
184	86	5	889908694
285	151	5	890595636
222	148	2	881061164
72	28	4	880036824
271	187	5	885848343
94	211	5	891721142
246	425	5	884921918
115	8	5	881171982
176	327	3	886047176
13	396	3	882141727
129	331	2	883244737
257	1260	2	880496892
95	1	5	879197329
147	904	5	885594015
151	58	4	879524849
184	660	3	889909962
311	386	3	884365747
105	268	4	889214268
158	510	3	880134296
34	312	4	888602742
72	427	5	880037702
263	416	5	891299697
94	1048	4	891722678
200	291	3	891825292
45	118	4	881014550
279	144	4	880850073
145	22	5	875273021
71	89	5	880864462
182	69	5	876435435
193	627	4	889126972
214	302	4	892668197
151	485	5	879525002
102	322	3	883277645
234	571	2	892318158
249	930	2	879640585
195	328	4	884420059
109	258	5	880562908
222	552	2	878184596
282	288	4	879949367
117	758	2	881011217
23	381	4	874787350
112	327	1	884992535
303	145	1	879543573
252	300	4	891448664
151	372	5	879524819
282	327	5	879949417
304	237	5	884968415
290	568	3	880474716
64	160	4	889739288
28	79	4	881961003
168	1278	3	884287560
265	471	4	875320302
18	113	5	880129628
83	82	5	887665423
90	499	5	891383866
234	1186	4	892335707
87	196	5	879877681
26	685	3	891371676
150	129	4	878746946
161	98	4	891171357
70	210	4	884065854
51	182	3	883498790
222	1057	4	881061370
92	176	5	875652981
204	216	4	892513864
164	685	5	889402160
57	682	3	883696824
184	207	4	889908903
60	403	3	883327087
92	180	5	875653016
43	204	4	883956122
222	1042	4	878184514
197	300	4	891409422
92	790	3	875907618
294	282	3	877821796
201	747	2	884113635
201	215	2	884140382
193	410	3	889127633
271	705	4	885849052
214	693	3	891544414
73	657	5	888625422
90	187	4	891383561
315	273	3	879821349
48	309	3	879434132
255	472	1	883216958
270	671	4	876956360
66	7	3	883601355
6	478	4	883602762
101	222	3	877136243
207	1046	4	875509787
144	182	3	888105743
85	83	4	886282959
102	625	3	883748418
158	770	5	880134477
297	588	4	875238579
90	507	5	891383987
271	482	5	885848519
130	901	1	884624044
178	276	3	882823978
90	245	3	891382612
181	1094	1	878963086
311	143	3	884364812
267	17	4	878971773
201	51	2	884140751
194	647	4	879521531
59	387	3	888206562
1	227	4	876892946
116	751	3	890131577
170	292	5	884103732
110	578	3	886988536
60	1021	5	883326185
287	347	4	888177040
197	55	3	891409982
38	679	5	892432062
195	1014	4	879673925
279	227	4	889326161
84	748	4	883449530
31	886	2	881547877
316	98	5	880853743
25	25	5	885853415
168	274	4	884287865
103	24	4	880415847
299	588	4	877880852
194	478	3	879521329
287	294	5	875333873
234	582	4	892334883
279	1048	1	886015533
87	9	4	879877931
181	408	1	878962550
279	1151	2	875744584
49	47	5	888068715
296	855	5	884197352
44	95	4	878347569
92	216	3	875653867
135	39	3	879857931
13	66	3	882141485
262	386	3	879795512
7	676	3	891354499
116	942	3	876454090
318	474	4	884495742
141	826	2	884585437
269	13	4	891446662
222	1044	4	881060578
82	455	4	876311319
279	254	3	879572960
42	685	4	881105972
145	1245	5	875271397
184	161	2	889909640
49	625	3	888067031
177	243	1	882142141
313	99	4	891014029
32	290	3	883717913
308	848	4	887736925
145	448	5	877343121
130	542	3	875801778
130	806	3	875217096
165	288	2	879525673
249	255	3	879571752
49	581	3	888068143
195	300	3	890588925
118	475	5	875384793
130	316	4	888211794
104	293	3	888465166
201	1229	3	884140307
142	82	4	888640356
119	718	5	874774956
303	94	3	879485318
99	50	5	885679998
306	14	5	876503995
92	709	2	875654590
227	295	5	879035387
3	337	1	889236983
94	820	1	891723186
59	1107	4	888206254
30	539	3	885941454
262	821	3	879794887
6	508	3	883599530
311	716	4	884365718
268	364	3	875743979
262	553	4	879795122
214	275	3	891542968
16	56	5	877719863
262	293	2	879790906
293	132	4	888905481
62	132	5	879375022
94	346	4	891725410
13	59	4	882140425
240	313	5	885775604
102	161	2	888801876
83	301	2	891181430
291	7	5	874834481
312	28	4	891698300
31	484	5	881548030
291	70	4	874868146
56	172	5	892737191
109	588	4	880578388
110	1246	2	886989613
59	429	4	888204597
246	1218	3	884922801
65	196	5	879216637
24	367	2	875323241
92	115	3	875654125
308	741	4	887739863
301	660	4	882076782
214	1129	4	892668249
158	241	4	880134445
269	674	2	891451754
308	493	3	887737293
32	151	3	883717850
224	191	4	888082468
215	423	5	891435526
32	1012	4	883717581
154	289	2	879138345
201	509	3	884111546
85	298	4	880581629
180	68	5	877127721
184	36	3	889910195
188	218	5	875074667
305	11	1	886323237
144	508	4	888104150
73	94	1	888625754
194	205	3	879524291
177	203	4	880131026
276	273	4	874786517
198	7	4	884205317
108	290	4	879880076
189	197	5	893265291
73	56	4	888626041
172	462	3	875537717
120	546	2	889490979
101	471	3	877136535
5	102	3	875721196
26	235	2	891372429
268	1249	2	875743793
276	773	3	874792794
13	150	5	882140588
7	401	4	891354257
128	482	4	879967432
104	7	3	888465972
293	39	3	888906804
256	25	5	882150552
90	821	3	891385843
275	69	3	880314089
22	510	5	878887765
312	494	5	891698454
207	192	3	877822350
264	504	5	886122577
137	687	4	881432756
185	740	4	883524475
307	687	1	879114143
42	176	3	881107178
145	472	3	875271128
189	634	3	893265506
262	121	3	879790536
251	148	2	886272547
259	772	4	874724882
239	58	5	889179623
312	921	5	891699295
92	15	3	875640189
81	742	2	876533764
311	419	3	884364931
102	448	3	888803002
249	746	5	879641209
95	527	4	888954440
19	655	3	885412723
79	100	5	891271652
189	751	4	893265046
253	510	5	891628416
201	919	3	884141208
1	17	3	875073198
214	42	5	892668130
7	81	5	891352626
234	132	4	892333865
59	148	3	888203175
13	354	2	888779458
6	469	5	883601155
82	14	4	876311280
109	627	5	880582133
305	50	5	886321799
195	154	3	888737525
277	279	4	879543592
223	8	2	891550684
92	81	3	875654929
201	69	2	884112901
94	58	5	891720540
217	144	4	889069782
244	148	2	880605071
313	200	3	891017736
181	874	1	878961749
116	1216	3	876452582
303	433	4	879467985
117	151	4	880126373
221	327	4	875243968
46	307	3	883611430
91	28	4	891439243
151	317	5	879524610
64	176	4	889737567
90	553	2	891384959
116	271	4	886310197
291	1139	3	874871671
62	111	3	879372670
196	251	3	881251274
303	120	2	879544099
49	547	5	888066187
307	1022	4	879283008
303	176	5	879467260
286	154	4	877533381
291	501	4	875087100
235	87	4	889655162
254	379	1	886474650
276	157	5	874790773
135	1208	3	879858003
57	243	3	883696547
276	1157	2	874795772
7	576	5	892132943
250	404	4	878092144
318	768	2	884498022
234	808	2	892335707
289	282	3	876789180
87	1079	2	879877240
50	823	3	877052784
25	258	5	885853199
18	496	5	880130470
193	790	3	889127381
263	510	4	891298392
209	906	2	883589546
207	716	3	875508783
314	535	4	877887002
250	338	4	883263374
262	568	3	879794113
95	172	4	879196847
94	470	4	891722006
59	583	5	888205921
277	282	4	879543697
303	1286	4	879467413
271	714	3	885848863
269	235	3	891446756
148	140	1	877019882
223	977	2	891550295
210	357	5	887736206
185	199	4	883526268
174	80	1	886515210
235	480	4	889655044
276	939	3	874790855
99	354	2	888469332
308	163	4	887737084
303	738	2	879544276
224	873	2	888082187
298	252	4	884183833
44	208	4	878347420
315	13	4	879821158
215	197	4	891435357
269	9	4	891446246
42	195	5	881107949
293	79	3	888906045
246	68	5	884922341
101	405	4	877137015
92	665	3	875906853
249	88	4	879572668
60	525	5	883325944
13	331	3	881515457
271	750	4	885844698
92	731	4	875653769
254	188	3	886473672
311	203	5	884365201
263	197	4	891299752
201	660	3	884140927
279	79	3	875296461
138	496	4	879024043
209	251	5	883417810
217	7	4	889069741
261	340	5	890454045
176	258	4	886047026
303	1037	3	879544340
81	169	4	876534751
62	114	4	879373568
72	530	4	880037164
276	364	3	877935377
88	750	2	891037276
49	7	4	888067307
263	117	3	891299387
9	298	5	886960055
92	528	4	875657681
249	708	4	879572403
262	754	3	879961283
196	655	5	881251793
207	1436	3	878191574
256	771	2	882164999
276	226	4	874792520
134	313	5	891732150
311	849	3	884365781
181	1383	1	878962086
203	148	3	880434755
247	736	5	893097024
313	745	3	891016583
311	83	5	884364812
251	1014	5	886272486
227	411	4	879035897
59	550	5	888206605
201	206	2	884112029
58	100	5	884304553
249	723	4	879641093
286	1316	5	884583549
11	725	3	891905568
7	228	4	891350845
92	846	3	886443471
160	56	5	876770222
103	127	4	880416331
11	110	3	891905324
87	2	4	879876074
45	763	2	881013563
293	605	3	888907702
291	732	4	874868097
254	575	3	886476165
49	334	4	888065744
222	1284	4	878184422
161	162	2	891171413
268	1	3	875742341
59	215	5	888204430
177	209	4	880130736
151	1298	4	879528520
299	235	1	877878184
29	332	4	882820869
30	435	5	885941156
297	182	3	875239125
315	185	4	879821267
23	172	4	874785889
262	47	2	879794599
321	496	4	879438607
191	754	3	891560366
106	778	4	881453040
7	151	4	891352749
178	678	3	882823530
84	12	5	883452874
94	168	5	891721378
264	33	3	886122644
239	529	5	889179808
90	657	5	891385190
261	875	5	890454351
190	302	5	891033606
112	289	5	884992690
144	106	3	888104684
199	258	4	883782403
224	20	1	888104487
85	501	3	880838306
301	202	5	882076211
145	743	1	888398516
294	127	5	877819265
130	206	3	875801695
103	121	3	880415766
152	412	2	880149328
267	840	4	878970926
286	231	3	877532094
200	24	2	884127370
5	211	4	875636631
160	117	4	876767822
6	357	4	883602422
158	72	3	880135118
297	736	4	875239975
250	244	4	878089786
57	760	2	883697617
58	268	5	884304288
23	1006	3	874785809
301	1228	4	882079423
307	265	3	877122816
276	1095	1	877935135
223	411	1	891550005
92	24	3	875640448
137	300	5	881432524
164	117	5	889401816
276	38	3	874792574
213	294	3	878870226
286	34	5	877534701
232	197	4	888549563
150	221	4	878747017
21	103	1	874951245
130	731	3	876251922
222	441	2	881059920
1	90	4	878542300
189	1005	4	893265971
49	38	1	888068289
311	5	3	884365853
36	307	4	882157227
128	228	3	879969329
151	89	5	879524491
248	475	5	884535446
95	1229	2	879198800
213	609	4	878955533
203	181	5	880434278
308	863	3	887736881
269	47	4	891448386
198	100	1	884207325
297	307	4	878771124
305	189	5	886323303
266	676	3	892257897
197	229	3	891410039
74	272	5	888333194
127	294	4	884363803
194	4	4	879521397
177	56	5	880130618
45	473	3	881014417
57	28	4	883698324
239	187	5	889178798
268	94	2	875743630
238	252	3	883576644
201	1010	3	884140579
131	1281	4	883681561
270	97	4	876955633
159	127	5	880989744
230	202	4	880485352
92	219	4	875654888
318	356	4	884496671
123	531	3	879872671
267	403	4	878971939
232	630	3	888550060
5	382	5	875636587
16	155	3	877719157
180	762	4	877126241
178	282	3	882823978
319	313	5	889816026
180	737	3	877128327
270	736	5	876955087
269	658	2	891448497
293	496	5	888905840
269	793	4	891449880
54	685	3	880935504
21	98	5	874951657
303	209	5	879467328
13	766	4	882139686
314	95	5	877888168
151	387	5	879542353
230	378	5	880485159
201	403	3	884112427
95	1206	4	888956137
270	370	5	876956232
256	716	5	882165135
80	582	3	887401701
303	435	5	879466491
312	121	3	891698174
151	1006	1	879524974
62	258	5	879371909
189	1115	4	893264270
77	195	5	884733695
99	742	5	885679114
291	1028	3	875086561
293	748	2	888904327
181	1342	1	878962168
206	900	1	888179980
83	338	4	883868647
262	179	4	879962570
253	216	4	891628252
223	596	3	891549713
108	50	4	879879739
94	347	5	891724950
293	779	1	888908066
101	281	2	877136842
267	980	3	878970578
201	1245	4	884141015
314	1263	2	877890611
271	111	4	885847956
314	276	1	877886413
18	387	4	880130155
207	4	4	876198457
313	96	5	891015144
21	299	1	874950931
215	144	4	891435107
279	1376	4	886016680
234	1015	2	892079617
296	248	5	884196765
270	83	4	876954995
210	161	5	887736393
201	79	4	884112245
5	376	2	879198045
184	181	4	889907426
104	411	1	888465739
275	449	3	876198328
185	269	5	883524428
276	550	4	874792574
279	1182	3	875314370
216	69	5	880235229
21	457	1	874951054
16	471	3	877724845
147	292	5	885594040
291	250	4	874805927
28	95	3	881956917
29	539	2	882821044
291	471	4	874833746
7	580	3	892132171
181	16	1	878962996
297	218	3	875409827
308	559	4	887740367
87	211	5	879876812
97	89	5	884238939
21	596	3	874951617
59	710	3	888205463
238	756	3	883576476
178	209	4	882826944
186	470	5	879023693
299	615	4	878192555
10	504	5	877892110
110	682	4	886987354
109	101	1	880578186
157	250	1	886890296
267	386	3	878973597
181	327	3	878961780
207	87	4	884386260
47	995	3	879440429
148	114	5	877016735
94	9	5	885872684
60	222	4	883327441
244	409	4	880605294
276	246	4	874786686
90	906	2	891382240
234	20	4	891227979
106	107	4	883876961
216	697	4	883981700
294	1199	2	889242142
323	257	2	878739393
140	268	4	879013684
220	303	4	881198014
67	64	5	875379211
170	299	3	886190476
230	142	4	880485633
299	641	4	889501514
7	581	5	891353477
275	501	3	875154718
44	250	5	878346709
291	214	4	874868146
11	741	5	891902745
59	286	3	888202532
174	395	1	886515154
194	234	3	879521167
57	204	4	883698272
314	417	4	877888855
201	197	4	884113422
184	155	3	889912656
194	792	4	879524504
159	1037	2	884360502
186	983	3	879023152
181	979	2	878963241
68	7	3	876974096
286	721	3	877532329
316	306	4	880853072
280	781	4	891701699
13	14	4	884538727
211	127	4	879461498
187	215	3	879465805
71	134	3	885016614
306	242	5	876503793
64	684	4	889740199
303	277	3	879468547
198	135	5	884208061
232	91	5	888549515
98	47	4	880498898
53	24	3	879442538
299	971	2	889502353
254	1116	3	886473448
7	106	4	891353892
12	300	4	879958639
239	10	5	889180338
238	111	4	883576603
130	267	5	875801239
90	662	5	891385842
63	20	3	875748004
40	268	4	889041430
181	221	1	878962465
298	152	3	884183336
104	327	2	888442202
42	185	4	881107449
181	995	1	878961585
258	288	1	885700919
291	578	4	874835242
148	70	5	877021271
305	187	4	886323189
184	71	4	889911552
94	556	3	891722882
158	1011	4	880132579
7	528	5	891352659
174	237	4	886434047
158	190	5	880134332
201	853	4	884114635
276	43	1	874791383
278	311	4	891295130
229	347	1	891632073
101	252	3	877136628
63	1028	3	875748198
275	520	4	880314218
275	173	3	875154795
62	1073	4	879374752
230	234	4	880484756
109	975	3	880572351
73	357	5	888626007
83	118	3	880307071
4	361	5	892002353
130	245	1	874953526
64	778	5	889739806
15	473	1	879456204
244	89	5	880602210
7	643	4	891350932
219	347	1	889386819
295	704	5	879519266
293	288	3	888904327
125	997	2	892838976
279	487	3	890282182
76	582	3	882607444
272	48	4	879455143
269	285	5	891446165
244	380	4	880608133
271	220	3	885848179
321	287	3	879438857
306	864	3	876504286
224	332	3	888103429
57	1047	4	883697679
145	591	4	879161848
85	277	2	879452938
116	7	2	876453915
52	95	4	882922927
209	688	1	883589626
145	260	4	875269871
208	202	4	883108476
160	187	5	876770168
141	274	5	884585220
260	990	5	890618729
177	299	4	880130500
82	231	2	878769815
223	969	5	891550649
107	271	2	891264432
26	25	3	891373727
297	1016	3	874955131
244	167	3	880607853
15	678	1	879455311
286	709	4	877532748
82	411	3	878768902
167	364	3	892738212
99	181	5	885680138
56	196	2	892678628
293	346	3	888904004
7	650	3	891350965
90	425	4	891384996
228	475	3	889388521
82	919	3	876311280
43	151	4	875975613
10	289	4	877886223
197	515	5	891409935
57	756	3	883697730
246	82	2	884921986
62	24	4	879372633
323	223	4	878739699
13	320	1	882397010
268	63	1	875743792
18	863	3	880130680
271	410	2	885848238
307	509	3	877121019
54	298	4	892681300
295	47	5	879518166
194	237	3	879538959
194	82	2	879524216
311	385	5	884365284
287	257	4	875334224
290	82	4	880473918
262	96	4	879793022
279	491	5	875296435
290	393	3	880475169
145	393	5	875273174
305	61	4	886323378
269	156	5	891449364
276	180	5	874787353
323	298	4	878739275
296	258	5	884196469
18	965	4	880132012
72	528	4	880036664
224	949	3	888104057
125	239	5	892838375
244	652	5	880606533
135	431	2	879857868
138	211	4	879024183
59	604	3	888204927
221	1059	4	875245077
13	451	1	882141872
42	69	4	881107375
10	340	4	880371312
219	882	3	889386741
60	604	4	883327997
125	152	1	879454892
63	50	4	875747292
255	448	3	883216544
311	172	5	884364763
7	582	5	892135347
7	127	5	891351728
189	203	3	893265921
59	470	3	888205714
313	148	2	891031979
234	161	3	892335824
6	143	2	883601053
305	960	1	886324362
226	147	3	883889479
204	340	5	892389195
13	493	5	882140206
186	281	4	879023390
6	275	4	883599102
269	82	2	891450780
69	300	3	882027204
259	959	4	888720593
5	62	4	875637575
181	1164	3	878962464
135	449	3	879857843
222	1207	2	881060659
5	231	2	875635947
286	258	4	877530390
104	249	3	888465675
303	65	4	879467436
295	73	4	879519009
201	686	2	884112352
13	289	2	882140759
184	100	5	889907652
262	786	3	879795319
234	614	3	892334609
1	64	5	875072404
325	485	3	891478599
312	641	5	891698300
207	810	2	877125506
262	509	3	879792818
239	478	5	889178986
142	181	5	888640317
296	242	4	884196057
291	571	2	875086608
13	488	3	890704999
294	676	3	877821514
69	174	5	882145548
195	265	4	888737346
121	509	5	891388145
279	509	3	875296552
49	17	2	888068651
7	196	5	891351432
280	472	2	891702086
221	780	3	875246552
175	96	3	877108051
180	431	4	877442098
311	1222	3	884366010
44	120	4	878346977
318	257	5	884471030
59	588	2	888204389
320	117	4	884748641
256	939	5	882164893
310	24	4	879436242
236	265	2	890116191
83	139	3	880308959
280	128	3	891701188
43	52	4	883955224
18	494	3	880131497
303	87	3	879466421
91	427	4	891439057
318	631	4	884496855
275	258	3	875154310
97	482	5	884238693
174	160	5	886514377
268	470	3	875310745
188	769	2	875074720
94	89	3	885870284
7	44	5	891351728
158	85	4	880135118
256	765	4	882165328
221	69	4	875245641
196	67	5	881252017
232	175	5	888549815
159	685	4	880557347
99	182	4	886518810
175	71	4	877107942
254	624	2	886473254
326	22	4	879874989
303	291	3	879484804
270	53	4	876956106
181	1001	1	878963038
254	418	3	886473078
56	235	1	892911348
11	190	3	891904174
162	181	4	877635798
117	829	3	881010219
268	52	3	875309319
320	177	5	884749360
6	294	2	883599938
210	380	4	887736482
151	969	5	879542510
42	684	4	881108093
62	365	2	879376096
207	121	3	875504876
59	70	3	888204758
26	455	3	891371506
234	705	5	892318002
270	466	5	876955899
97	484	3	884238966
11	660	3	891904573
5	377	1	878844615
56	797	4	892910860
305	923	5	886323237
173	286	5	877556626
67	1095	4	875379287
213	12	5	878955409
268	684	3	875744321
36	883	5	882157581
100	321	1	891375112
269	729	2	891448569
131	100	5	883681418
308	298	5	887741383
14	709	5	879119693
284	305	4	885328906
191	752	3	891560481
222	29	3	878184571
201	421	2	884111708
207	864	3	877750738
303	1315	3	879544791
52	1086	4	882922562
305	529	5	886324097
223	318	4	891550711
22	79	4	878887765
137	546	5	881433116
292	328	3	877560833
249	11	5	879640868
269	616	4	891450453
197	294	4	891409290
42	603	4	881107502
26	1016	3	891377609
7	560	3	892132798
193	435	4	889124439
7	559	5	891354882
299	186	3	889503233
115	127	5	881171760
59	433	5	888205982
217	22	5	889069741
279	709	4	875310195
257	345	4	887066556
279	789	4	875306580
279	919	3	892864663
63	222	3	875747635
178	73	5	882827985
90	1194	4	891383718
111	313	4	891679901
13	848	5	882140001
94	625	4	891723086
59	496	4	888205144
179	905	4	892151331
303	302	4	879465986
299	516	4	889503159
10	505	4	877886846
62	464	4	879375196
56	69	4	892678893
92	289	3	875641367
308	378	3	887740700
13	144	4	882397146
181	1348	1	878962200
15	932	1	879456465
244	155	3	880608599
234	233	2	892335990
15	127	2	879455505
110	1179	2	886989501
181	302	2	878961511
236	313	4	890115777
310	536	4	879436137
37	55	3	880915942
234	617	3	892078741
303	369	1	879544130
75	409	3	884050829
197	518	1	891409982
314	692	5	877888445
187	523	3	879465125
151	402	3	879543423
268	264	3	876513607
224	215	4	888082612
292	195	5	881103568
16	191	5	877719454
99	597	4	885679210
234	482	4	892334803
303	323	1	879466214
233	99	3	877663383
66	249	4	883602158
280	204	3	891700643
301	174	5	882075827
92	1142	4	886442422
99	410	5	885679262
221	1250	2	875247855
97	98	4	884238728
313	673	4	891016622
58	109	4	884304396
270	781	5	876955750
13	476	2	882141997
189	1	5	893264174
67	147	3	875379357
234	50	4	892079237
40	880	3	889041643
294	222	4	877819353
293	629	3	888907753
7	241	4	891354053
87	775	2	879876848
314	1289	2	877887388
131	750	5	883681723
296	48	5	884197091
81	3	4	876592546
151	186	4	879524222
57	926	3	883697831
234	134	5	892333573
53	174	5	879442561
280	544	4	891701302
123	135	5	879872868
109	797	3	880582856
96	479	4	884403758
236	286	5	890115777
201	313	5	884110598
174	471	5	886433804
130	931	2	880396881
151	15	4	879524879
90	529	5	891385132
59	12	5	888204260
3	343	3	889237122
310	845	5	879436534
224	658	1	888103840
4	357	4	892003525
25	615	5	885852611
11	517	2	891905222
298	91	2	884182932
59	170	4	888204430
147	305	4	885593997
314	1518	4	877891426
256	413	4	882163956
234	618	3	892078343
246	8	3	884921245
255	678	2	883215795
92	106	3	875640609
272	127	5	879454725
104	269	5	888441878
276	406	2	874786831
276	34	2	877934264
97	50	5	884239471
150	121	2	878747322
14	530	5	890881433
23	170	4	874785348
13	97	4	882399357
165	325	4	879525672
244	7	4	880602558
95	416	4	888954961
28	98	5	881961531
259	269	3	877923906
82	596	3	876311195
28	173	3	881956220
94	455	3	891721777
276	384	3	874792189
298	8	5	884182748
151	210	4	879524419
77	238	5	884733965
200	241	4	884129782
201	405	4	884112427
193	332	3	889123257
38	139	2	892432786
291	226	5	874834895
113	326	5	875935609
313	191	5	891013829
207	531	4	877878342
214	151	5	892668153
44	123	4	878346532
18	154	4	880131358
297	628	4	874954497
279	116	1	888799670
7	28	5	891352341
115	92	4	881172049
308	581	4	887740500
62	138	1	879376709
81	824	3	876534437
293	1161	2	888905062
13	781	3	882399528
13	338	1	882140740
41	28	4	890687353
280	554	1	891701998
287	249	5	875334430
117	50	5	880126022
178	106	2	882824983
201	117	2	884112487
256	1057	2	882163805
221	204	4	875246008
318	659	4	884495868
262	11	4	879793597
154	488	4	879138831
186	385	4	879023894
303	1095	2	879543988
302	323	2	879436875
198	179	4	884209264
99	168	5	885680374
229	313	2	891631948
126	262	4	887854726
72	226	4	880037307
109	31	4	880577844
34	242	5	888601628
173	323	5	877556926
156	276	3	888185854
122	215	4	879270676
276	583	3	874791444
224	528	3	888082658
208	88	5	883108324
295	483	5	879517348
279	65	1	875306767
43	64	5	875981247
89	197	5	879459859
308	435	4	887737484
315	305	5	881017419
42	1041	4	881109060
164	299	4	889401383
7	153	5	891352220
93	412	2	888706037
125	1180	3	892838865
70	50	4	884064188
177	960	3	880131161
75	476	1	884050393
62	401	3	879376727
130	366	5	876251972
312	228	3	891699040
158	414	4	880135118
279	42	4	875308843
210	58	4	887730177
43	66	4	875981506
151	490	5	879528418
293	665	2	888908117
293	36	1	888908041
102	405	2	888801812
276	291	3	874791169
21	839	1	874951797
194	663	4	879524292
38	432	1	892430282
92	453	1	875906882
311	180	4	884364764
198	214	4	884208273
82	661	4	878769703
267	238	4	878971629
291	466	5	874834768
151	692	3	879524669
60	47	4	883326399
92	79	4	875653198
97	115	5	884239525
314	1218	4	877887525
319	338	2	879977242
5	407	3	875635431
15	685	4	879456288
99	204	4	885679952
123	192	5	879873119
47	340	5	879439078
222	135	5	878181563
224	149	1	888103999
58	284	4	884304519
320	294	4	884748418
268	135	4	875309583
83	640	2	880308550
106	692	3	881453290
287	11	5	875335124
305	186	4	886323902
181	1320	1	878962279
49	49	2	888068990
6	221	4	883599431
85	647	4	879453844
128	736	5	879968352
279	827	1	888426577
271	630	2	885848943
303	748	2	879466214
249	124	5	879572646
280	693	3	891701027
207	827	3	876018501
60	616	3	883327087
21	184	4	874951797
286	628	4	875806800
145	183	5	875272009
311	28	5	884365140
25	228	4	885852920
76	92	4	882606108
246	406	3	884924749
201	292	3	884110598
235	647	4	889655045
286	133	4	877531730
48	174	5	879434723
144	685	3	888105473
5	24	4	879198229
85	272	4	893110061
286	7	4	875807003
64	93	2	889739025
151	429	5	879528673
191	301	4	891561336
287	56	5	875334759
96	153	4	884403624
125	615	3	879454793
150	100	2	878746636
93	15	5	888705388
84	528	5	883453617
318	50	2	884495696
13	167	4	882141659
213	471	3	878870816
178	234	4	882826783
128	418	4	879968164
195	496	4	888737525
13	570	5	882397581
276	843	4	874792989
54	268	5	883963510
305	347	3	886308111
14	474	4	890881557
18	58	4	880130613
263	921	3	891298727
289	849	4	876789943
194	321	3	879520306
11	746	4	891905032
298	842	4	884127249
56	215	5	892678547
13	844	1	882397010
38	465	5	892432476
308	165	3	887736696
214	652	4	891543972
102	300	3	875886434
7	420	5	891353219
61	328	5	891206371
307	100	3	879206424
21	590	1	874951898
311	68	1	884365824
95	1230	1	888956901
303	182	5	879467105
145	13	5	875270507
50	253	5	877052550
194	530	4	879521167
145	1	3	882181396
222	157	4	878181976
7	188	5	891352778
109	100	4	880563080
90	631	5	891384570
7	78	3	891354165
181	1324	1	878962464
201	332	2	884110887
13	685	5	882397582
82	73	4	878769888
267	423	3	878972842
194	1206	1	879554453
269	106	1	891451947
99	895	3	885678304
235	1149	4	889655595
200	665	4	884130621
312	188	3	891698793
145	50	5	885557660
234	71	3	892334338
213	48	5	878955848
244	216	4	880605869
316	588	1	880853992
85	175	4	879828912
124	50	3	890287508
137	237	4	881432965
13	567	1	882396955
151	162	5	879528779
187	116	5	879464978
193	554	3	889126088
49	741	4	888068079
291	54	4	874834963
316	292	4	880853072
271	514	4	885848408
194	404	3	879522445
268	721	3	875743587
277	1197	4	879543768
301	606	3	882076890
89	1048	3	879460027
253	50	4	891628518
102	732	3	888804089
311	662	4	884365018
201	943	3	884114275
246	816	4	884925218
172	488	3	875537965
280	38	3	891701832
43	1057	2	884029777
311	661	3	884365075
59	287	5	888203175
268	83	4	875309344
315	651	3	879799457
145	299	4	875269822
248	174	3	884534992
327	191	4	887820828
268	672	2	875744501
297	286	5	874953892
295	151	4	879517635
13	877	2	882140792
70	584	3	884150236
145	460	1	875271312
275	176	4	880314320
48	259	4	879434270
235	419	5	889655858
83	413	1	891182379
147	258	4	885594040
92	521	4	875813412
246	728	1	884923829
43	284	5	883955441
207	203	3	877124625
234	485	3	892079434
201	587	4	884140975
286	689	5	884583549
69	12	5	882145567
237	494	4	879376553
85	133	4	879453876
276	85	3	874791871
311	366	5	884366010
320	399	3	884749411
114	175	5	881259955
42	121	4	881110578
7	680	4	891350703
154	302	4	879138235
106	660	4	881451631
313	71	4	891030144
90	526	5	891383866
94	186	4	891722278
224	43	3	888104456
44	230	2	883613335
229	315	1	891632945
151	480	5	879524151
311	505	4	884365451
320	202	4	884750946
113	329	3	875935312
255	859	3	883216748
193	827	2	890859916
276	789	3	874791623
259	750	4	888630424
204	172	3	892513819
78	412	4	879634223
85	98	4	879453716
279	393	1	875314093
222	323	3	877562839
288	127	5	886374451
42	606	3	881107538
25	729	4	885852697
119	213	5	874781257
116	185	3	876453519
123	13	3	879873988
315	657	4	879821299
142	243	1	888640199
13	480	3	881515193
201	326	2	884111095
43	631	2	883955675
195	387	4	891762491
95	174	5	879196231
130	332	4	876250582
233	482	4	877661437
44	530	5	878348725
292	86	4	881105778
176	294	2	886047220
157	405	3	886890342
207	787	3	876079054
239	204	3	889180888
251	144	5	886271920
269	923	4	891447169
178	148	4	882824325
138	121	4	879023558
30	82	4	875060217
302	245	2	879436911
34	690	4	888602513
292	276	5	881103915
271	11	4	885848408
69	175	3	882145586
42	456	3	881106113
311	568	5	884365325
183	241	4	892323453
269	411	1	891451013
288	196	5	886373474
268	42	4	875310384
308	634	4	887737334
308	166	3	887737837
57	831	1	883697785
207	410	3	877838946
271	211	5	885849164
16	144	5	877721142
90	603	5	891385132
209	408	4	883417517
299	238	4	877880852
279	1228	4	890779991
128	140	4	879968308
307	173	5	879283786
167	392	1	892738307
22	791	1	878887227
291	159	4	875087488
194	705	2	879524007
10	489	4	877892210
95	128	3	879196354
10	657	4	877892110
59	855	4	888204502
124	11	5	890287645
7	133	5	891353192
256	692	5	882165066
85	629	3	879454685
271	1266	2	885848943
276	1416	3	874792634
155	988	2	879371261
318	476	4	884495164
307	258	5	879283786
28	7	5	881961531
236	729	5	890118372
38	672	3	892434800
7	93	5	891351042
255	217	2	883216600
184	729	3	889909840
154	175	5	879138784
311	403	4	884365889
116	301	3	892683732
94	229	3	891722979
221	508	4	875244160
95	636	1	879196566
44	56	2	878348601
305	203	4	886323839
207	508	4	877879259
130	161	4	875802058
98	163	3	880499053
328	9	4	885045993
178	218	3	882827776
293	293	4	888904795
162	742	4	877635758
128	79	4	879967692
307	1411	4	877124058
269	514	4	891449123
195	186	3	888737240
327	533	4	887822530
189	91	3	893265684
206	1394	1	888179981
95	143	4	880571951
31	682	2	881547834
94	157	5	891725332
73	588	2	888625754
256	819	4	882151052
291	366	3	874868255
222	153	4	878182416
207	98	4	875509887
222	298	4	877563253
286	151	5	875806800
116	262	3	876751342
7	174	5	891350757
148	495	4	877016735
311	495	4	884366066
178	255	4	882824001
181	597	3	878963276
123	847	4	879873193
291	77	4	874834799
237	528	5	879376606
140	301	3	879013747
290	222	4	880731778
177	79	4	880130758
65	202	4	879217852
311	181	4	884364724
125	796	3	892838591
77	168	4	884752721
58	960	4	884305004
117	405	5	880126174
248	127	5	884535084
5	423	4	875636793
254	286	1	887346861
289	7	4	876789628
241	294	3	887250085
213	690	3	878870275
99	508	4	885678840
275	523	4	880314031
168	284	2	884288112
28	380	4	881961394
144	31	3	888105823
198	651	4	884207424
181	1093	1	878962391
221	268	5	876502910
267	739	4	878973276
129	303	3	883244011
301	496	5	882075743
94	33	3	891721919
318	64	4	884495590
298	477	4	884126202
290	476	3	880475837
16	942	4	877719863
130	815	3	874953866
181	304	1	878961586
178	125	4	882824431
42	506	3	881108760
320	284	4	884748818
138	151	4	879023389
197	849	3	891410124
215	157	4	891435573
94	1119	4	891723261
293	724	3	888907061
79	246	5	891271545
279	1492	4	888430806
189	30	4	893266205
233	806	4	880610396
198	24	2	884205385
222	172	5	878183079
276	301	4	877584219
70	417	3	884066823
305	15	1	886322796
201	370	1	884114506
57	409	4	883697655
13	314	1	884538485
206	245	1	888179772
125	173	5	879454100